numb3r5 0 3538.814 84
kefaa 1 2702.752457435556 9
emthrm 2 3222.8427659369618 180
uwi 3 3441.424661610825 381
rfpermen 4 3324.4812194452898 69
physics0523 5 3062.1435193353923 48
Kude 6 3130.5936689627024 167
hank55663 7 3389.2833900036626 192
aropan 8 2953.2389130326364 36
kmjp 9 3317.217882642418 284
LarryNY 10 2794.6346967380086 258
x____x 11 2744.33758079709 214
R3mix 12 2941.808139253192 135
zcgzcgzcg 13 3123.647415829649 188
vassu118 14 2692.133057269526 74
JeffreyLC 15 3004.786038538955 168
skywalkert 16 3184.802216012376 155
lotusblume 17 2273.060152380539 7
non_deterministic 18 2755.4689968898715 77
HanaYukii 19 2816.8555777830597 88
wery0 20 3134.3668219354486 71
DylanSmith 21 2974.052971515653 260
liupengsay 22 2568.6090783572304 7
rui-de 23 2276.215073217415 5
ecottea 24 2294.489193995273 4
bucketpotato 25 3239.904718806485 28
xymabinogi 26 2734.8802730417333 110
lilter96 27 1508.3284378051758 1
dd2307 28 2458.1990383196503 11
vrintle 29 2565.1652572996286 46
deepak022 30 2411.8576527463147 60
jakao0907 31 1953.888039839895 2
cai_lw 32 3196.5597968846173 203
shakibahmed01999 33 2439.2000211613836 185
jojayoh 34 2684.780130210606 57
amsraman 35 2749.7029399355342 18
anil9717 36 2966.3622646799236 70
xil899 37 2262.2156801705155 131
neugis 38 2168.5636944897665 76
xul2022 39 2084.5757199242053 85
opPO24 40 1908.5969924926758 1
segment-tree 41 2859.3352444160696 23
k1r1t0 42 1500 0
erenaltunoglu 43 2096.683879421031 5
SaveVMK 44 2899.123314851099 347
solene 45 2874.4961429143664 74
kachhuaa 46 2504.3613372641535 37
sapta8103 47 1814.891844265014 12
tepamid 48 1594.4361448156876 18
debanjan2001 49 1885.902 3
rolandpetrean 50 1684.725 1
wjli 51 3095.4913482708785 362
nikatamliani1 52 2166.4784864378876 5
SirTechnical 53 2701.51177861809 57
ill1a 54 2008.6701200683535 5
mocowcow 55 2352.5735907208723 143
abhayg_07 56 1895.8755973588002 3
EqualKirby 57 2042.067518484991 4
C0ldSmi1e 58 1938.294664213929 3
ValentineEzquerra 59 2295.284840866115 7
Chasey 60 2619.7054466862714 174
xinyster 61 2436.547364320032 24
xmentex 62 2519.689534563238 105
Gaurav3478 63 2348.2434709853587 34
plevande 64 2951.368288425523 48
Panther369 65 2294.5454075454827 109
_DaNeK_ 66 2278.2709587833474 13
g12378959 67 2187.1129861812615 16
joy32812 68 2492.215764536876 133
Turkhuu 69 2977.553166294171 57
_nyaruko 70 2108.117 4
joulej 71 1500 0
vuduyanhhoang33 72 2372.447753505616 10
Kinon 73 2385.4619172932285 15
dragonman164 74 2115.2424267182555 24
sketcher_nig8 75 2311.5244329172424 20
LebronJamesOfLC 76 2619.728113832061 49
akshatanand186 77 2145.493131370241 23
sarthak_tirpude 78 2346.2107662461176 62
sobols 79 2540.38517586479 120
Rad0miR 80 2510.299998699181 132
deepanshuchaudhary55 81 2452.8571143572353 14
justDummy 82 2286.2056653688296 13
ygor_ribeiro7 83 1899.5885480490626 3
Wizard_of_Orz 84 2548.660461099607 15
twitch_tv_qiqi_impact 85 2802.22122483066 118
ashinmk 86 2119.1224678298527 13
yangxm 87 2886.3410830282673 88
cosmin79 88 1954.4081684422151 4
mikeqiyh 89 2426.8420795354696 10
Yawn_Sean 90 3334.1750626859325 48
Tudor67 91 2298.4542714197087 28
singh_deopa 92 2510.6033886378027 193
slowknight10 93 2073.0995683587976 12
yrclamb 94 2498.344126271311 327
kzyKT 95 2670.838572997419 278
_dipu 96 2269.0407694169517 50
mridul_cr7 97 2277.723588447864 43
__luffy__ 98 2392.825709851492 61
KyouMoKawaii 99 2705.684922384868 96
Rohit2593 100 2624.3307634136822 42
Optimus369 101 2546.2012675416813 103
egorsa 102 1500 0
yeetcode_dot_io_LC_tutorials 103 2342.34039628425 37
Fasdr 104 2412.3714191309778 65
winter_dragon 105 2648.95723832247 161
Vansh_Bilwal 106 2188.3948807987845 19
_aka5h 107 2253.1792520423514 67
Maulik_Thakkar 108 1932.6707631675404 16
mondayguy 109 1910.4001662474097 20
USYDLDH 110 2692.563719074219 53
AA2512 111 1658.147 3
lebron87 112 2202.923198512304 36
Wilsano 113 2262.050410220157 108
CL17189 114 1623.603980427534 13
ltf0501 115 2400.6653502159643 13
hkmaxi 116 2566.888743149602 120
rayvivek779 117 2151.7947576510214 34
MKLOL 118 2401.7287094221347 6
weirdsmoothie 119 2383.594561953447 30
ShashankGaur1308 120 2222.484473870869 51
theonepieceisreal 121 2199.429551684415 196
Anas_Maged 122 1500 0
prajwal_733 123 2691.5873109216636 88
stupidRR 124 2915.1810136533227 22
NewbieHMT 125 2379.0011666323317 75
qu1ck 126 2049.755837921017 4
a2dalek 127 1975.1340043830269 5
Andrew-Angrew 128 2508.0898955947587 15
LeonDong1993 129 2423.9569162347057 64
liviumc 130 2259.5299975119688 18
hanbro0112 131 2261.6361346929502 51
MkaanTheKing 132 2699.7796291193727 22
farmerboy 133 2746.6635136394 131
rkg1007 134 2183.015861121166 112
ocavue 135 2536.1798011702786 127
pepe54 136 2361.0484181422976 49
veenadevnani2810 137 2134.2574954589263 5
warks 138 2123.621361811733 7
JagguBandar 139 2161.30959423759 3
hxu10 140 2865.6391705072015 237
nevergiveup 141 2540.5848725435185 471
user2937Vz 142 2670.5463786913715 51
iamattri0001 143 2016.2001347919256 15
WRWRW 144 2221.370203838891 275
charan_singh 145 2242.7165366624713 132
balakrishnan_v 146 2807.388248818515 291
mcy4ever 147 2621.5331851031688 192
dennis753951 148 2332.0401175596367 102
8730199 149 1834.931 1
algo_master2002 150 2099.0431208306068 46
Dominater069L 151 2481.744357859836 4
Ayanerru 152 2520.7098560142654 412
maverik_coder 153 2267.517050697442 34
dejandenib 154 2167.5367886772365 19
Needhi 155 1495.7707519350233 4
sulrz 156 2055.2261514584625 82
Hustler2 157 2335.818565572152 36
kevin20040521zkc 158 2258.6378657412565 16
icosa 159 2595.280017776931 46
zhoyu255 160 2207.9467400325143 44
NaitikPatil 161 2519.4721551613743 50
gnocuil22 162 2637.1427767249543 37
MeetBrahmbhatt 163 2603.7507678795955 75
Ishwarendra 164 1905.0412082949313 7
sidney3 165 2130.886981966383 13
introart 166 2197.358056890118 17
oooogabooooga 167 1500 0
ruts 168 2155.3942447329227 26
DenisGubar 169 2277.14666195756 408
liivan256 170 1664.882915866856 5
Kapish_Varshney 171 1910.0955896807716 13
shinever 172 2293.441402866771 76
windcani 173 2181.7109427382543 28
bharatkhanna1995 174 2115.44299658733 7
silent_hunter 175 2167.9897893169614 32
chuan-chih 176 2595.783163767802 332
pawan_l 177 2113.190253103843 22
Atg_ 178 2466.713010107347 56
teacher-six 179 2669.9802575337585 24
Neerajjoshi8 180 2144.947573729521 41
chetan_saini21 181 2344.353738196697 45
Amrharb 182 1999.3631988782402 29
a_hamza 183 2154.855920115826 28
Chengqian_Li 184 2537.374529534985 55
yzzwgyf 185 2471.0395363702514 58
mymelochan 186 2471.326581125383 15
Mayanksood 187 2312.637199951492 38
Nekotizimo 188 1500 0
sharmaharisam 189 2322.0479429424986 19
votrubac 190 2233.176534114192 376
garyhost 191 2232.5431771001186 64
cxhscst2 192 1500 0
The_Phoenix 193 2427.286243207657 60
minohcity 194 2030.3894137423229 94
prashant933 195 2388.113629253335 24
i_pranav 196 2386.8029047428145 46
Grumpyghost 197 2259.3371849329114 29
Eslam_Ahmed 198 2189.9209106334206 26
Divya_Rathore 199 1984.8114889912108 8
AntonBorzenko 200 2513.6349411399647 25
ujjwal_ 201 1612.1721267700195 1
cthulhuden 202 2289.0711165763582 12
dirigibility 203 2331.207537385492 12
please_kill_me 204 2179.0246631467667 34
Ometek 205 2129.398648868941 7
igigig 206 2128.6879284641727 48
arsread 207 2304.908483727157 50
jayg000e 208 2225.9175576508223 28
samvp 209 2020.5192676410209 8
trigerrr 210 2142.21998382763 19
TimmyChiang 211 2246.668610009702 21
gautamsw5 212 2211.1269978814407 93
warner1129 213 1782.5345993041992 1
songhayoung0_0 214 2326.5239764427097 4
NotIdeal 215 1955.668540692406 21
enigma3oo4 216 2351.514610936286 40
saikat93ify 217 2301.4180013307096 76
tonyli00000 218 2536.6462625177496 31
8symbols 219 2251.824390828048 122
vijpanwa 220 2035.827575409358 119
cyqjoseph 221 2059.4331835107464 25
hdchen 222 2184.5369607688717 347
pratham2908 223 1942.0814730443522 19
ashubeast4262 224 2033.1640139049882 18
BZH110 225 1862.1055789291204 9
CuriousJianXu 226 2154.2483379257337 116
Manan_Jain_4 227 2148.2722867819393 56
Naman777 228 2154.938041429299 18
RyanPionee2 229 2133.9742905983844 15
Maruzensky 230 2992.3239549022614 133
l1e-9l 231 1691.071 2
xmmmir 232 2288.35966997956 18
vijaykatari23 233 2345.7166570641043 32
aaronyen 234 2636.9656390710734 168
chintsai 235 2262.1201902701814 172
Manan_09 236 2025.9547321307523 17
sahilkesarwani 237 2416.5958222949043 115
loki79 238 2309.0390028796637 33
zunyiliu 239 2459.912642321709 88
alveolus 240 1758.3604325360313 5
jenilvagadiya1998 241 2023.540778858807 51
satyam2001 242 2168.9034809786986 13
calto 243 1801.6733880552272 6
attischen 244 2189.2617701019867 10
raghu30 245 2266.1564593024896 69
Arnabdaz 246 1838.697870607287 21
ericet1234 247 2317.8473045871237 141
jk_s_bro 248 1521.214485168457 1
thahn106 249 1830.0104141235352 1
RohitSgh 250 1911.2476507843435 28
CoderinBilaspur 251 1989.7802694336442 25
txingml 252 2615.622483855436 331
dioji 253 2447.81 9
liukplus 254 1994.2151859256405 36
120cs0005 255 2288.5234267351702 14
suryansh012 256 2051.015774362491 22
Wibo 257 2461.778578076858 7
tredsused70 258 2057.6296602385114 3
alexlin87 259 2295.210921575097 204
inversionpeter 260 2312.8111372924595 185
alkut 261 2211.035246389687 21
AkameOuO 262 1892.5800672997004 43
anjkk01 263 1876.0049239648088 4
pawan_29 264 2103.855944830896 32
loopido 265 1500 0
Shivam__07 266 2270.071653812516 45
mdakram28 267 2236.9322959234414 15
anuragdw0710 268 2290.000019879397 64
gefeng 269 2426.1410006915075 154
Abdo_Saad 270 1930.5360900445967 5
thedude7181 271 2443.332311377979 106
reina65535 272 2076.011498051138 14
dummy_dummy_user_123 273 2028.7794325912157 4
sykobeli 274 2357.4537401313437 17
lin_lance_07 275 2066.8506770888653 95
Ruvxei 276 2071.0929269953667 68
vishal28babani 277 2066.108608291056 11
mkawa222 278 2753.429097090533 235
bashem 279 1500 0
IsaacHuang 280 1500 0
fpeterfalvi 281 2623.2084863477157 63
RightHandElf 282 2417.8468548552078 83
thin_k_ing 283 1919.584 17
didwhddks 284 2169.2695249301514 70
SkookumChoocher 285 2073.0157227080063 40
eyfmharb 286 1886.1704768408633 12
andrei_bis 287 1816.9041659100888 8
trying_n_trying 288 1927.6390611273791 13
excaliburgaming 289 1974.0725735270437 12
k946201 290 2316.4797549499403 51
vedantjain1008 291 1994.5424787929526 14
Mishra_29 292 1500 0
zhutianqi 293 2302.665506656819 52
kritikmodi 294 2157.028611546876 22
chy87999 295 1959.5561168808313 5
shivambhadani 296 2301.6365801939914 70
gourabh09 297 1827.8786891842267 21
GustavoV 298 2200.6889617976344 74
Ani_S 299 2366.9773105618383 154
SSUPQTB 300 2039.9072835536779 16
Actual_Boy 301 2073.3248358260794 22
Joshua__Immanuel 302 1836.0936455057354 65
tulkasalgos 303 1726.948 1
ravinuthalavamsikrishna 304 1805.6006494247388 51
vanshkunwarji41 305 2094.1733063863107 14
mochy 306 2112.966056768862 6
syedmizbah 307 2052.59061259599 38
Focus_2000 308 2101.147952648078 25
howareyou1 309 1500 0
BetoSCL 310 2476.0653313505372 87
Kaushal_26 311 2077.4486777403063 21
lym953 312 2237.6284724380344 9
gooooooogle 313 2200.8352727268098 33
bluesky999 314 2220.3212459598813 366
chenyuguan10 315 2013.1801219310155 4
chuchuching 316 2353.934117206098 69
puktt 317 1947.0844022244169 14
aayne 318 1615.145772627804 17
Rajdeep_Nagar 319 2047.9060622662557 133
jtrh 320 2258.9663245161832 8
lkvlkvlkv 321 2374.0895096173535 23
nakanolab 322 2197.270286997511 95
alysonNBS 323 1825.5569635430509 19
tuhinnn_py 324 1823.4032000151922 10
vipbaswan 325 2170.5407601838515 67
the_coder_8297 326 2185.380765540979 57
YoshiCarvajal 327 1873.201605414198 35
Ankit_332 328 2494.9476846221173 17
vivoBook1 329 2132.3610713332164 23
wyf0722chosen 330 1747.0951080322266 1
edwardnvv57k 331 1695.0250926770661 2
smd1121 332 2192.8943244959682 42
sanath_tango3 333 2102.547800472827 14
heshan1234 334 2341.8369395141353 286
spravinkumar9952 335 2246.873842620185 84
freakybud23 336 2257.0676728526896 39
anubhavchk007 337 1763.6875424843236 14
shreyash_111 338 2174.473685203805 41
abhi_8 339 2305.680474125853 85
daksh_02 340 1716.8830623249214 9
dyurchyk 341 2196.376992893999 104
Farhan20 342 2338.689412771899 23
Atma_ 343 2112.0258878638174 80
salyu 344 2374.736694774806 60
Lone-Wolf_ 345 2068.4115480375935 21
ag210211 346 1873.533174648436 17
sujay000 347 1707.289939686246 3
OmkarKanade 348 2246.4370087290063 52
leftshifted 349 2189.0456226861966 67
siddhesh4501 350 1872.0901440287932 10
urimaj 351 2262.2003341128775 55
astoundreddy 352 1500 0
bijexi4879 353 2135.396527227031 7
jason7708 354 2209.4611414528695 74
user9943d 355 2074.4606799686176 37
ts209501 356 2215.761860865924 13
kar-kar 357 2126.494549313611 35
akashsahu1 358 2231.238527101859 38
slightlyepic 359 1857.183557652844 10
noirt 360 1500 0
0111t 361 1949.3816034855008 31
som_ahirwar 362 2058.033 17
DrunkTemplar 363 2484.956603954129 40
aryansanghi008 364 2093.2264193400183 20
zhouwei0422 365 2271.9912142613807 160
karandeep09 366 1950.1809881652441 26
c337134154 367 1500 0
divyansh_7310 368 2048.1455615408195 70
bt21ece108 369 1693.9916610717773 1
utsav_upadhyay 370 1598.0088098026201 3
yashchede99 371 1801.3718319355498 28
mojo2jojo 372 1500 0
tinnamchoi 373 2008.7933934156088 18
Grove2134 374 1750.270675436721 13
uhhharsh 375 2099.6784174183385 17
N_E_E_R_A_J 376 2212.569029656066 97
hero777 377 2464.313044675266 107
yumkam 378 2223.6383215513424 141
sellie50759 379 1913.3270113257377 91
LTKJ 380 2216.8279645397074 62
Rishab01 381 1937.3328631167376 4
nagabhushan 382 2534.512907337401 70
sandeep413 383 2196.560868774753 93
ashif62224 384 2161.57710328639 72
amitkumarid6798 385 1944.6799717516515 8
sahildahake2021 386 1949.9395123396316 7
SpitfireRF 387 1949.0441023612054 29
kml123 388 2279.7242446838814 30
shashank290604 389 1954.8179335774018 18
Soumyendra1998 390 2170.4129574698704 26
Marsgoat 391 1758.2411097243905 18
jumand 392 2086.9690850088746 29
curcularise 393 1880.300026134634 15
Dhruv_Garg07 394 1915.535968847453 26
Manmeet8287 395 2119.1467989761445 35
ye15 396 2428.72347869647 138
surajajaydwivedi 397 2080.7221018275354 14
Abhishek8171 398 1500 0
u77 399 2043.5541532929933 371
side_text 400 1938.6731549172478 10
lovedeep0022 401 2022.7670377948725 28
tushar247 402 2221.3446183607025 126
szoro 403 1941.3497846682967 6
ramamoorthy2002 404 2034.714991496102 116
Catverse 405 1939.575190694531 7
FransV 406 2548.2640419034287 34
r-tron19 407 2170.810267950911 111
cse200001040 408 1902.847212252266 30
blitz_12 409 1628.6394689470208 6
lakh 410 2013.9615360110697 245
abhishek_248 411 1797.610802350816 21
jeffcamera 412 1910.450850205761 94
DaVinci42 413 1945.715910675702 15
lit2020008 414 1500 0
virenkathiriya 415 1869.2173927397034 17
sveng101 416 2412.205339993422 97
Executioner_001 417 1908.9313569072535 10
iskabaur 418 1831.095273617027 3
ArtemStoliarenko 419 1813.5777856777636 10
20bcs027 420 2089.001492414043 34
alexandr_morev 421 1852.5350793049854 5
hyperbole 422 1922.3986189398943 23
stimpyy 423 1978.4138992390676 19
lakshay05 424 2122.1354409094783 88
leetcode2710 425 2037.5314040059052 12
evgenus 426 2046.322487195175 49
Djsingh01 427 1809.9800912957442 2
shivansht21 428 2202.82505072622 57
azesx 429 1500 0
masatomo 430 2001.5182573637858 115
tommix626 431 1790.3959374678761 2
timetoai 432 2314.8343933711285 117
Lightning_Mc_Queen 433 1686.9154498352227 17
jashwantra 434 1937.7129974311597 52
AnantBansal 435 2240.201421388132 23
shirley_zq 436 2216.356931241262 113
ambuj21 437 2172.5763464667343 21
Venkat_siva 438 1720.0609551787413 17
Sanath_Kulla 439 2029.2921739833644 12
varundeepsaini 440 1701.8082220901188 5
igor_kz 441 2040.0254833429865 12
volodymyr_k 442 2066.474272149714 199
King_SlayeR_8789 443 2205.07830900846 68
p_gagan 444 2023.5296525257613 22
SouLPegasuS 445 2172.63917749715 29
trirpi 446 1931.284467684652 4
goran2 447 2087.227105204285 13
Kritik09 448 2035.0568686348297 36
wenboz 449 2662.0011617254913 161
bnlvv 450 2191.4309918350295 7
easyhunmai 451 2049.5715435952957 6
shuaiqifeiyang 452 2046.4161176844086 59
DrSwad 453 2167.134391583252 5
adityaraj9 454 1977.2624783059268 28
jayss6 455 1921.9945705735615 25
arsh73552 456 1824.5154553723783 5
Sanam007 457 2316.004038940915 25
JayVerma 458 2031.3673645415795 43
prashantdhaka 459 2143.0596959483714 29
Morgho 460 1500 0
Chiouchiouok 461 2176.2987507672633 34
josephstarkrgb 462 2061.210412044628 68
DYR90 463 2157.215919016088 190
mrinal2193 464 1999.5793923593199 50
scsonic 465 2070.4929785283366 98
comp24 466 1955.394125657063 10
txycodelc 467 1850.2354127974027 117
jacechen 468 2016.164686360297 65
tdkkdt 469 2003.5946921667196 7
himaniac 470 1657.891404808035 26
deathgun 471 2124.9848811791144 31
TurcoMurco 472 1500 0
shibu_10 473 2064.01489689718 42
egor_sklyarov 474 1948.077562424712 6
jshelty21 475 1888.9659650468695 12
ivan-2727 476 1961.9393526476103 58
Abeed_shaik 477 2091.396859155452 16
remidinishanth 478 2620.613574069841 119
abhijeetjadhav 479 1744.249865729204 74
okaditya 480 1610.3110176758598 12
siminno77 481 1500 0
azm819 482 1500 0
akgupta20 483 1789.1924642256438 56
vishav__mehra 484 2300.356527038413 40
Technical_Guruji 485 1935.897915522736 4
MRITuhin 486 1750.4043373734137 7
rip 487 2080.2614025300913 156
khem_404 488 2218.5223102378172 85
zeekhan2082 489 1805.6538562478406 9
shrea231 490 1593.4751492830057 3
g0kuluppal 491 1950.4307396719928 22
TLE_ 492 1992.6410566246213 10
Gaurav_790 493 1714.4628422341732 11
Minnikeswar18 494 2138.7882946584123 50
stark_230 495 2073.5461424653354 16
Fried_Potato 496 2453.084131486668 20
noooob_Coder 497 2106.422955472655 19
asmitpapney 498 2024.5529048778162 101
eurekaz 499 2469.4561257943215 10
akbc 500 2196.6084520492395 80
b08902137 501 1720.625779054911 6
neer393 502 1727.201066761952 28
raamxD 503 2108.5823130544745 28
stevenhgs 504 1898.313 15
snia 505 1907.2714242063735 176
acebenson0704 506 1957.6631071450283 22
0xFFFFFFFF 507 2061.155330601409 388
Mysterious_X 508 2030.8831137912173 32
lakshyagour10 509 1789.7810084044006 18
omtiwari 510 2169.871663181324 24
shreyd01 511 2280.7708492057704 130
CursedAiM 512 2114.809286698856 16
aakshatmalhotra100 513 1880.159337322444 26
Gaurav_Upreti 514 2216.244258314777 77
ywjameslin 515 1973.1276190202445 134
jayjariwala10125 516 2267.5853054331724 75
odp 517 2045.2536042266886 7
shubhamthrills 518 1875.7813226975836 18
jeroen25 519 1569.7546005249023 1
ard001 520 1677.2570161627273 3
samanwaysadhu5 521 2242.709716897615 54
_ramramji 522 1825.5621253660568 20
Nisarg_Pat 523 2018.6758540072399 30
Carisa-Li 524 2089.3964943789833 15
r7ma 525 2035.6466599894798 14
chirag1293 526 1888.436461330375 52
soumyaww 527 2227.8664756923504 37
jogarao_ 528 2281.797173826701 94
vinaychetu 529 1978.28148332076 34
kenkapo 530 1862.0039013562287 21
pham_le 531 1977.902311291201 16
prem__ 532 2265.867198623673 40
Anubhav099 533 1827.1099889143152 30
mble6125 534 2347.1458920000982 89
allw 535 2235.5431330129913 62
harshbardolia 536 2277.7162849974416 55
as468579 537 1943.81226666456 55
anupam_ghosh 538 2303.4642763237553 74
awesome-bug 539 1985.9167440454291 37
Balwierz 540 1745.2849454385293 5
mastoori1234 541 2503.358055764921 128
alphaMale2 542 1461.3678663432954 3
Scyther_07 543 1444.679 1
Wolfester 544 1714.851 11
endless_mercury 545 2144.048452513566 39
Berthouille 546 2130.9413628098314 36
SuryaVarman 547 1549.3468648678243 6
Vk98 548 2055.137691833532 21
aryaman01 549 1814.6170679071474 53
smallpig1230 550 1738.616117930932 14
b03201008 551 1944.950759163359 22
pankaj_777 552 2170.437468562363 68
Oleks_V 553 2095.3966071687096 51
faheemulislam07 554 1800.3567438863117 6
ukaguf 555 2474.668047042905 54
gautham227 556 2316.265352338455 52
pcwuu 557 1770.28 2
Pushkar_Raj21 558 1804.1937691884573 40
deepanshi_singh25 559 1599.431040511921 12
cuongalbert 560 1673.321235515202 43
Rachit070203 561 2171.3845271885552 52
tomsangotw 562 2368.5800429813767 134
tandonkarsh 563 1500 0
ess_gee_thirty 564 2006.6249501042066 6
mijatolaxd 565 2164.1700200771056 33
hrithik_248 566 1735.6163866168733 21
lilweege 567 1855.0607964501066 14
binomanjesh 568 1780.0191172389607 5
Yeskendir 569 1909.0165339641856 19
TANDAV_007 570 2270.494729227358 29
justcode369 571 1920.5090398749385 64
shivambhagat02 572 2092.4579151087196 58
k3232908 573 2369.0770038086744 46
arghakole 574 2408.5510563213866 22
luciaa 575 2036.1495327192567 10
tusharpahuja07 576 1931.91124360985 47
sudanarya 577 1791.7955012786479 3
neembu_mirch 578 2190.0955167081033 34
abdy 579 2100.643424182042 23
va14 580 2007.889337593339 30
BimanDas 581 1915.626769494402 88
czjnbb 582 2396.1046287129416 61
HRanChy 583 2359.2797809287117 14
360verse 584 1920.0751077803193 3
Chanpreet3000 585 1807.519266041963 11
user1084vL 586 2266.279236956773 21
T_ourisT 587 1500 0
chandanagrawal23 588 1900.060073783414 129
red_akb 589 2038.015206250183 21
Prahil6109 590 1807.2067507146453 27
kumarfeldspar 591 1942.3375625680549 14
bharat_986 592 1559.8177606972142 2
coderkb 593 1862.7873213209525 32
righfntnow 594 1821.5885055266085 33
fong88718 595 1832.8879330460163 35
bdyby5094 596 1934.152414222369 7
satvik21 597 2082.329212091171 69
ayush_0110 598 1669.3305862956406 28
Code-O-Maniac 599 2252.7918058880373 69
akashtomar19 600 1942.730706979439 49
louisfghbvc 601 2293.694409307822 233
lobeyjon 602 1927.2320619884465 11
sleepingonee 603 1985.4044872129411 26
thundersmoker 604 1904.3384549636573 26
lthroy 605 2157.7471249614646 189
AlanWuu 606 1815.3084882651067 3
vgvadim 607 1672.6241756133604 5
baiyang0132 608 2216.296874167935 34
leoyu0813 609 2093.960750076943 72
albertxwz 610 1897.6536845461994 3
kryag 611 1500 0
Bingo_o 612 1883.1793793183344 41
bash_coder 613 1875.41550297617 18
Dradwing 614 2270.568612230635 58
HorridBear 615 2107.1266956866402 32
harshavardhanraju_2214 616 1971.7213207968937 18
advaitvd99 617 1542.3603057861328 1
yzkkai 618 1897.024183621113 6
napsta32 619 1831.8526757313703 10
kaname_asuka 620 2119.4819826296634 16
cjyang1230 621 2538.2816427492558 137
LuckyBoy88 622 2156.3502302657243 128
ak1719890 623 2125.6271187067823 27
harshitgakhar2000 624 1697.121168437757 2
sshivendra764 625 2364.5783700395123 67
theabhaymalvi 626 2014.0002884264707 27
papaya 627 2391.105912013843 112
gan14008 628 2126.867637084007 110
the_artofwar 629 2158.047 7
dazlersan1 630 2048.7051655857085 30
akshay_gupta_7 631 2058.2139583793673 30
mycoolhairison 632 2422.27608954177 46
ai4rmp6966 633 1905.7500437628923 57
aditi_0911 634 1500 0
shichent 635 2259.166112765514 31
hiddeniiitan 636 2066.9553041745985 17
ayoimalive 637 2015.9764036316699 23
wintersoldier2004 638 2047.7572090846272 46
claytonjwong 639 1807.0779478789439 189
Gaurang1745 640 1952.210698435677 22
hellraiser666 641 2349.754 20
adityaraj_19 642 1656.8618503750997 3
TrickyCat 643 1942.8808555126438 34
_null_ptr_ 644 1500 0
MDMASUDRANA 645 1921.8837951155213 7
fur_sky 646 1757.9911302497146 3
tusharrr316 647 1879.7530396038044 28
rranaut76 648 1936.3181967553353 89
akokoz 649 2144.0590732818932 111
martian_18 650 2103.229550602768 95
dkochetov 651 2174.698726846132 43
ttrraasshh12345 652 2012.1421751662629 3
onyxeye 653 2019.4209916314514 69
sanamdeepsinghbhatia5432 654 2033.7207570409987 25
IIIIIIIIIIIIIIIIIIII 655 2381.405253479131 291
way6shekhar 656 1631.0354840871573 7
ranjan_him212 657 2008.152615875731 15
seryp 658 2356.994148917984 76
adityavkrm 659 2132.3108658789147 15
bofeng07 660 2362.266840621892 183
sachinpokhriyal 661 1888.6204520912845 10
allrounderankit 662 2182.1666206514155 23
MJMTG 663 1922.605414840517 19
LastToAC 664 1840.2030009257385 4
nedmv 665 1875.5818777685229 34
b0mb4rdi3r 666 1991.1905616386384 63
_Sagittarius_ 667 1899.121560645285 77
priyanshu_52 668 1887.8673666790219 59
anshuman02 669 2105.5250232074036 21
huanshin 670 2053.579614886026 26
cherukupallibhargav 671 1723.147969706053 9
bhaskar_op 672 1914.9352132953416 34
vk_21 673 1769.0531737809542 38
Shekhale 674 1773.989 3
vikasss 675 2121.6299497885766 75
phungthienphuoc 676 1899.9185927051833 12
maxwillx 677 1787.6176591144504 17
wayne1204 678 2049.4299383735197 27
marcelomatheusgauy 679 1888.484678005368 63
mplpl 680 1754.0083998968814 7
tanvir03 681 2164.4029284305625 31
log1 682 2078.5273467362817 84
surya11145 683 1799.38244149722 50
theesoteric 684 1895.1991249511113 170
kesshb 685 2016.6351076441395 12
believebelieve 686 1919.8827538977184 34
DeepakSujay 687 2492.4980771585315 76
who_sumit 688 1602.7908325195312 1
nikola-edn 689 1827.668339847734 17
aryaaman742 690 1856.9848271315682 83
ghosh_abhishek 691 2206.4455236501667 19
emanuel_sygal 692 2057.1233705496397 11
jenni_mom 693 1811.106708682758 4
lee_218 694 2194.7425365687563 13
codeparadise 695 1439.279455887644 2
saptaswadas69 696 1980.0883956888247 31
amandeep102030405060 697 1823.8399198189215 25
Pandepic-pp 698 2031.4154022384698 26
bhatte 699 2067.181480881251 40
abb10000y 700 2045.101011664345 45
Rajkumar1553 701 1998.3543392623542 15
r4ptr 702 1651.3738632202148 1
WhyAlways_Me 703 1879.3287236600872 10
mrwickpmf 704 1880.92609205435 44
i_am_wiz 705 1934.3935346196893 19
pbelskiy 706 1762.411178589442 55
mirtariq 707 1739.9878045691603 9
Hayford08 708 1874.1943436176903 72
krtrk-07 709 2077.9538036336785 22
0xXavierr 710 1500 0
courage_courage 711 1951.3108165879814 84
parthgarg497 712 1900.9851424412816 24
Suyash_R___10 713 2071.6018400742687 40
said_v15 714 1809.4655700318337 7
arutsudar 715 2036.9639134256884 62
balagamsanjay 716 1808.2617827912927 12
Sk21_code 717 2041.3878786661573 46
vrangr 718 2058.893503888164 26
coderchamp07 719 2069.986921705562 49
Celestial_Coder 720 1923.9846123386844 18
ajaybalajiprasad002 721 1616.6566324980483 6
vbshubham 722 1658.5466864119321 129
incognito123 723 2115.407118458209 36
krishna_6431 724 1892.6943781118146 26
hc167 725 1896.3827958804936 310
MLEAutomaton 726 2148.23057475106 15
kavascgjmd39 727 1953.8199285637338 26
girishbasandani1 728 2001.6922362665516 26
Finally_i_got_the_reason 729 1977.718826388938 41
Satyam_86770 730 2224.0484166006313 62
boxlesscat 731 1817.2636834206146 13
syc123 732 2080.6583502145636 27
workcool 733 2098.651139153849 186
maxuanquang 734 1925.9596258882432 22
sid9812 735 1500 0
utkarsh_2237 736 2071.8003840547262 52
bhardwajb347 737 1850.2960124523813 72
AttackOnCat 738 2003.555304517078 12
BebekJK 739 1858.3746528244271 3
dsorvq 740 1592.532537605802 5
sharpkeys007 741 1933.8696494797161 32
yonkoamit 742 1648.4714148561015 13
vaibhavgelle 743 1988.1428131711093 35
harshmangalamv 744 1789.1621962978554 32
ABhaumik 745 1947.8943702825359 16
ndeshmukh 746 2060.10678256562 56
Srijan8282 747 1892.854782182252 44
SajLeet 748 2307.911572746837 34
rajesh_sv 749 1880.0643327059695 41
user6911x 750 1500 0
HideN2000 751 2763.493930790487 28
BHLL 752 1958.1203060262403 15
ml-terminator 753 2238.456329723124 25
Deepak213 754 2069.3245927504886 35
Turikotura 755 1395.071 5
harsh_3002 756 1853.7723251561665 21
Phantom_Deluxe 757 2356.6697212146396 23
dayoadeyemi 758 2013.8224928303364 8
rishabhchaubey 759 1912.418924463419 65
qwertyish 760 2211.7204599303323 33
Prathamesh_Srivastava 761 1852.3236610748647 22
rudro25 762 2007.8291920207157 29
cossetannie 763 1722.7243087518266 42
user6898Tj 764 1587.4900817871094 1
EUqr2c2cjD8nuX5K 765 2523.8765802580565 289
nniiiicccssssppppyyy 766 1821.0370987082003 13
Sanyamverma434 767 1500 0
prateekgoel724 768 2153.8573303757144 20
SareefShubham 769 2067.031394777677 5
RahulAhuja2901 770 2034.8028934292367 39
CP_Lover 771 2239.2479652095194 27
Ravi_21 772 1805.2874193966725 13
harshal786shah 773 1911.9917506103582 12
i_rider 774 1617.8275055783574 34
TonyTroeff 775 2110.20537294384 22
richweiwei 776 2033.3420619559024 32
theblackhat 777 1915.3741425498883 10
AdityaDargan 778 2144.755515931634 20
SkinnySnakeLimb 779 2176.288684007508 39
garg__dipanshu 780 1973.9738414521876 15
kagotpush 781 1911.9754972355915 11
LordAlgorithms 782 2084.588788200092 47
AyuAnchor 783 2205.136716500984 16
dragoljub-duric 784 2136.501505522402 16
burning_in 785 2097.6934217312273 12
mui_abk 786 1626.959336956955 4
kavishd29598 787 2369.959986275004 77
imposter88 788 1931.9827097019622 68
Sagar_Goel 789 2259.0285522388363 83
rajugorai810 790 1796.0069104880195 3
0abhay0 791 2293.3780385004984 22
coderdhanraj 792 2473.288886717161 90
rohinth076 793 2214.957620433148 238
suraj0718 794 2007.8063059667043 19
nikhilbabar 795 1834.6373440947443 53
vishalkumarcoold2 796 2004.6607753876324 23
holer 797 1815.672144465283 14
amarjeet_673 798 2004.1264879320192 62
Arpit003 799 1820.918 14
kedarghadage 800 1870.530470819573 32
Tinky1224 801 2644.7763868149805 171
suryacr7 802 2091.4571306483363 15
yehgoter 803 2084.980734004499 21
samonkeys 804 2152.8770776747365 92
counter98 805 1989.8144388414923 33
SainiAyush 806 1731.3728003453423 10
maskpark 807 2109.5005207019854 12
ritikesh1999 808 1856.0374437711864 23
glorious_loki_of_asgard 809 2072.1298777074794 46
tttyyy49 810 2108.7621754096376 200
qq1239426256 811 1488.7118387190524 3
Preditor 812 1707.4062123765634 3
csn2002 813 2011.1363161762265 36
messyhair 814 1886.4095048822728 18
nguyenducthinhdl 815 1884.1482955492056 91
techlead_uz 816 1947.7915432008624 74
aniket_D_Law 817 2096.682473434323 43
putIfAbsent 818 2054.259585008601 259
LTDigor 819 1872.4589773006053 14
prithivirajc09 820 1922.1559309230786 13
abhishekvaish 821 1802.1248642719856 10
mohdnasir7078 822 1653.4950184834852 11
vidit987 823 2209.9574620994354 45
austinmclrn 824 1853.0624705082996 9
vaibhavdb 825 1747.1961326461821 85
Sandeep_P 826 1994.6644156795937 49
user7668tN 827 1882.1486209804912 14
Sanjay_Seemakurti 828 2032.337788812734 10
ChiragRana03 829 1882.2472515756156 30
karanbpawar 830 1577.975 4
nivedithavarma 831 1479.8335156664064 10
nmz12 832 2065.0234358791017 7
Smaczny00 833 1644.4254586011668 3
nipun753 834 1775.0137365450819 158
pizza_slice 835 1691.3622566423232 23
AnUrAv 836 1752.0029811770287 17
myoungin729 837 1500 0
yadivyanshu 838 2047.2444104566687 45
prakash_26 839 2076.3715650255026 78
Charu_Sachdeva 840 1915.8075158509164 14
Zeeshan_2512 841 1687.471111200044 16
VignaTejReddy 842 1947.626834159445 50
monster_razzy 843 1684.9226780795684 6
devangshrimali 844 2069.7093093614835 13
vedant_rawale 845 1765.4749192284626 30
GaussBackyard 846 1822.0831820059643 17
utkarshhuh 847 1434.239387512207 1
nguyenlinh1993 848 1726.1147033457066 12
sklamba 849 2200.7468250226916 20
akash_2001 850 1592.0164389359113 9
Grim_303_Reaper 851 1590.5174663830962 17
Theideal 852 1870.3846692273148 27
Shreyansh2311 853 1976.7844524400045 19
pavanareti02 854 2004.2265625174202 27
Jha-Shubham19 855 1726.2369672173206 23
devcode42 856 2015.662335279936 71
Sturdy_ 857 2351.0647864086795 77
justnikita 858 1719.83946711917 3
Lucifer3101 859 1500 0
guru_divine 860 1497.0901641055739 6
inceptionx 861 1673.6518192291105 4
prateek_saxena 862 2003.9510905089555 69
ekalavya_pc 863 1990.4771732737493 70
kalpit0605 864 1849.5825463870062 11
kaustubh517suroshi 865 1688.760380707641 4
stingspree 866 1855.7751071230848 13
invictus109 867 2072.66887725101 64
persevere_21 868 1870.6205988674662 183
vallmaster 869 1500 0
Sarthak20574 870 1465.4918106839552 99
Mohd_Nasir 871 1954.9716936314992 23
ilasiawo 872 1877.387649224428 16
shobhitrai815 873 1558.7624735147542 4
pranshujain0111 874 1971.1063512220942 25
Lexicon_10 875 1920.2236009017868 80
then00bprogrammer 876 2094.126349160216 37
tamanyan 877 1593.031883239746 1
GloriousPurpose 878 2064.21939806664 158
jagpreetsinghathwal55 879 1587.504 3
not_adil_kira 880 1962.1030759152252 22
Achyuthc 881 1884.471391544628 92
contest_only_1 882 1850.4707661343118 8
rsr_498 883 1565.7327513329692 28
21uec069id 884 1885.8867810215656 13
teju3k8 885 1901.1567501360164 66
dps_sde 886 2078.623618583465 52
shrishsinha20000 887 1500 0
Third_eye_ 888 1500 0
tarun2202 889 2040.3752485421116 31
sun_rise 890 2054.346190520693 25
anhiks 891 2098.0196822735306 75
golu_0409 892 2149.035794716301 41
mohithaakash 893 1996.959293448809 43
msinitcyn 894 1696.829359355685 3
unknown__ajay 895 2084.2074271404854 15
Naurid 896 1705.0089423204017 7
mukayevolzhas 897 1767.375111045501 28
hubblebubbling 898 1660.9582901000977 1
aakashhsingla 899 1890.0229512471874 18
iam_nobody 900 1504.386452722803 5
Akashmk 901 1627.2774602718493 16
ultegra99 902 2063.924218925049 20
Sujal_Singh 903 1802.9156481967063 40
SathishBatsy 904 2136.606315491366 126
normie_coder 905 1686.1595354582134 2
Vishwaneet_Mishra 906 2095.1448216092244 65
JavanGibbon 907 1500 0
Om_Ashish_Soni 908 2272.1066577371607 76
toryinside 909 1969.3698716613758 14
HardCoder403 910 1790.3133918556093 8
Ming_91 911 2126.3547472473338 31
Rahul_Sriram 912 2019.8108446333792 25
jachetheboss 913 1986.889926499284 99
user4930FU 914 2162.845806159335 18
rkyrahulkumar 915 1909.891342396734 63
varahamihira 916 1995.1769499108404 58
anass3 917 1500 0
paras_churi 918 1662.4796012308286 9
Chaitanya_2k2 919 1427.1888009257627 13
ayush2024 920 1972.1946892953201 83
ShyamSunder_11 921 1909.8011448749667 63
jc1651 922 2320.417852373287 37
hijamoya 923 1927.8289183093596 14
Rohithch7102 924 2059.921615916375 73
DR4G0N_EMPER0R 925 1900.3555322190216 39
nguyenquy123 926 1721.9238740354767 5
Punarjeet 927 1812.7038424294076 5
Chhota_bheem 928 1973.1076561357734 22
manoj183 929 2120.937498368217 40
AshutoshSingh10 930 2177.5251518028917 37
devashish59 931 2047.8227614883706 6
mnaoumov 932 2171.029521910782 74
Lazar-Wolfe 933 2084.368931918984 14
hope_ma 934 2012.7682561809513 232
aashishraghav627 935 1957.279116063348 6
syedfaizan824 936 1778.1207599494624 5
Whiteewalker_75 937 1500 0
pranav_raichur 938 2115.6637057016505 51
b04902036 939 1798.2459837878553 45
SilenceForMelody 940 1680.382 1
ab24 941 1515.2406692504883 1
Aarav13 942 1771.0225958573192 2
rahilvahora 943 1751.9940828022204 2
Zahid8889 944 1698.7605429334892 6
user3593Z 945 2187.940397046774 63
devatraj 946 1724.9533394009115 19
codifier_69 947 2051.725244728772 54
Nitin_45 948 1790.7877939303899 13
code_master00 949 1633.2815966540043 4
navneet9810 950 1848.4133650331864 17
mUkULtAnEjA_01 951 1816.7959811771796 128
sunny7712 952 1879.774893089426 26
trauhayan 953 1843.1987082616715 3
son_vegito 954 1500 0
EmZie 955 2433.7239622174316 32
Armaan48 956 2318.2162163756675 42
abineth 957 1916.3906288531698 22
Ravinder27 958 1802.6262780825953 12
bhushan032 959 1696.0101868480237 12
Jaskiratsingh09 960 1553.0820701813616 12
garyjhu 961 2314.522743579829 12
mafkavelly 962 1633.322865068714 3
abdsaber000 963 2017.7540978146797 8
SashaKuzin 964 1823.6160278320312 2
Naveen_somireddy 965 1547.814 14
a0920732333 966 2171.958724213603 140
babajfloriana 967 1500 0
Anuj74151 968 1500 0
Nehcled 969 1806.406351316744 76
thunder_strike 970 2118.6602851615517 84
piskaryovnikita 971 1660.8232284724068 15
TolyaTalamanov 972 1556.4714732923005 2
KatherineLiu 973 1766.1635813674486 8
jhanvi_07 974 1678.9699254761035 11
kumarsudhanshu596 975 1762.374345038672 23
opalXDnaja123 976 1588.2699177385887 9
aryansingh027 977 1959.4874700527846 39
banerjee123 978 1359.0844107976682 3
CR7mahi 979 1586.2473369949175 4
abhi_9v 980 1941.6682416985595 18
nishchay_ 981 2033.6963839324565 51
jk1703 982 1500 0
aniketpandey651 983 1855.301120516629 36
awesson 984 2124.3495098245257 81
SaiSusshanth 985 2058.6677118358443 38
21r01a05f4 986 1500 0
radiosilence 987 1732.963152630095 68
yxsh14 988 1593.6062592889823 4
vishdom_2304 989 2041.2451959945492 68
Samejima7 990 2117.051502310011 35
sriragavip24032004 991 1670.9207056776856 10
sour_candy_x001 992 2060.788068948288 32
shubh08am 993 1958.0469124411038 58
Vikram_23875 994 1839.83346840935 28
nguyentloc99 995 2153.659015608627 27
jrchoudhary2410 996 1861.5223018919614 21
Itskampitojha 997 1500 0
gargkhushi02 998 1672.5025177001953 2
goldrushkl168 999 1694.3677856138581 23
yashwanth73 1000 1797.033097557763 27
Neet0110 1001 1846.3654483625696 40
AnMo3 1002 2009.8659791455823 66
fizhim 1003 1957.556686229243 79
lwy123177 1004 2069.3870695162173 75
mewadahariom2000 1005 1856.2053233356746 55
ayanakojikun 1006 1921.567483234731 14
sthetix 1007 1573.5751726039512 4
n2xiong 1008 1796.205876832708 10
blue_diam0nd01 1009 1967.272949500514 25
codeifham 1010 1801.8942145570395 32
ier_anik 1011 1688.5052731162623 2
_dvsumanth 1012 1701.6854837071585 11
hk_brave 1013 2060.2553247557166 30
maneesh_nani_ 1014 1394.4891521234795 7
Jo_Bhi_Mann 1015 1935.4064712675856 23
awishkar973 1016 1679.5852220743652 4
sanjay77 1017 1932.471124749836 29
aarti_1108 1018 1774.9673924015874 23
addusirmac 1019 1881.3931714133419 8
cplover07 1020 1693.8518962186774 12
GauravFartyal 1021 1850.2950250736214 48
coder_679 1022 1931.6640795647158 53
AKMalice 1023 1829.6426297986186 47
dishankpatel03 1024 1694.319197018515 12
eshu_patel 1025 1797.1910248452593 8
amanmishra_20 1026 1959.6034098317393 33
Tristanczk 1027 2041.9165542502617 24
sasi_shara 1028 1328.8453871362462 11
nagasaisujan160998 1029 1927.9254638122306 130
abcde037 1030 1945.4946936553765 22
mkyang 1031 2417.07806156825 49
vivekkumarsingh8877 1032 1959.6991070128267 51
ayush_0077 1033 1805.4838345763717 14
aditya2903 1034 1827.5632385008585 7
mahesh_193 1035 2086.564860425566 104
chooseanotherusername 1036 1725.4751056215448 31
Jitender_52 1037 2086.101999906657 85
keshav_gupta_19 1038 1738.2843619898745 2
Kiyotaka09 1039 1717.33360098822 4
Ayushman-Bhatt 1040 1610.6773175691303 2
TortillaZHawaii 1041 1576.8985748291016 1
Vijay_Katta 1042 2128.4836875517904 31
_sajid 1043 1939.7686329200674 8
ikhsxihij 1044 1827.5737827556145 4
shivamchaurasia2912 1045 1843.2743659479843 39
jayantjain2609 1046 1989.980228023487 27
Farhan779 1047 1648.6399411202142 19
KoalaMuch 1048 1500 0
Neo_here 1049 2103.486978674047 17
etian6795 1050 2144.7617137818133 38
ashuthe1 1051 2066.513536807149 36
denzel777 1052 1665.5216217041016 1
the_Incubus 1053 1724.089 44
BeastIncarnate 1054 1848.0047882988304 28
sangramjithazarika123 1055 1465.7094860438567 26
kaik2 1056 1879.7848576300657 19
Abhi_Srivastava 1057 2359.7719710116676 65
TlTAN 1058 2192.378799655435 48
anthonyQwO 1059 1634.7924034886166 3
UjjwalTajne17 1060 1493.1450873016588 25
Imsudhanshuu 1061 2065.0131088045573 23
Nishusingh18 1062 1449.606305838821 6
HR10JAAT 1063 1703.077372057111 29
newtonde97 1064 1577.3413300434802 3
Saurabh_Thapliyal 1065 1581.865691999528 19
akshay1314 1066 2022.131740068132 40
itssahillwhat 1067 1519.486427307129 1
patankaranup 1068 1695.5921356097158 14
zikrak782 1069 1241.650740559202 10
mrunankmistry52 1070 2391.0989330543607 131
raj3000 1071 1830.5666174424075 8
Ridham24 1072 1841.9097103588633 26
pandapower 1073 2480.1928726587257 37
keshav_tomar_ 1074 1791.2367065297533 3
abhay0007 1075 1526.9736309674165 3
aryan_pundir 1076 1892.6111121675442 9
pintusingh20 1077 1744.4201028519703 16
ankush_03 1078 1561.8895139739575 26
jd_Kdcgc 1079 1979.6450440943318 23
kumudbhatt 1080 1744.825091737406 13
Roshan_10 1081 2115.0099752492374 20
Ahasun 1082 1633.024861845414 6
yadavdipesh 1083 1897.137079387184 49
harshshukla14 1084 1717.011388615684 11
Omkar_Rajhans 1085 2053.6936895814674 36
auracodehandle 1086 1943.2894497443378 43
pikapika123 1087 2302.729002632915 218
naut39 1088 1821.7489308949919 20
Yogi_249 1089 1807.593 87
CoderVinit28 1090 1848.7337287954022 38
shivam_jaiswal_11 1091 1717.7045794645487 22
ADwar616 1092 1829.246433118836 13
sundaramanand 1093 1969.154932119558 14
21071a0478-shravani 1094 1590.1140647413683 4
ads169573 1095 2100.5595868525556 89
ami_2025 1096 1830.7724341941412 58
PranjalShukla121 1097 1637.132844703223 9
sidg_14 1098 1782.7502694424993 20
Semi__colon 1099 1568.8848495483398 1
hongyili 1100 2453.3022081366694 71
vimaldhiman 1101 1723.0878695798942 11
amalag 1102 1586.49811238932 18
Trilasha_Mazumder 1103 1987.5767085682287 45
ahtoh_ 1104 2000.3549237797881 74
singh_harsh14 1105 1654.6907189843814 3
donavern 1106 1801.9626338185356 23
Hars_h921 1107 1629.3337267428915 5
shivansh_3950 1108 2127.9926087047033 28
Zzyzx38 1109 1780.026725550345 20
abhi_0907 1110 2009.2164675845522 38
Anish-Karthik 1111 2059.080129040181 51
Narakanti_Mahesh 1112 1901.622561252502 44
gssharma1051 1113 2046.9753957126263 57
bfay 1114 1999.9979628635654 25
papaChong 1115 1737.7475241347645 6
nilesh8757 1116 1744.160565759101 14
code__HARD 1117 1744.6557942596557 29
dizzyFunction 1118 1889.4318655443162 21
mrinal_rewa 1119 1794.3134280286909 21
preetam14 1120 1528.1381769610805 27
Dk95_letsgo 1121 2056.1435268529835 104
s1967 1122 1825.717093754334 17
aakashkumar1080 1123 1812.8317061289426 53
ab999669 1124 1557.7592533178647 7
sodacorsair 1125 1922.3418805339234 93
berlibalter 1126 1694.2415974443552 3
yatin_0135 1127 2061.0594782174403 12
nav-singh 1128 1919.4365967802746 20
prashik0 1129 2085.424570342231 172
souravsaxena 1130 1913.793294598503 37
rbronfenbova 1131 1500 0
bhushan89 1132 1742.4809354455854 14
kt56698 1133 1500 0
ashu012002 1134 1896.0526525827634 57
anuj1160 1135 1666.8931401612444 42
sarandeep0910 1136 1758.359708284077 2
d_cosni001 1137 1832.1500734257522 35
ss_sks_4851 1138 1897.781 25
graphicera2025 1139 1570.0265771860816 4
sydneyb 1140 1971.4719637021808 192
spiraling_up 1141 1763.986 6
KaptanLevi 1142 1753.9696745691813 13
rudraditya 1143 1817.5698198872817 20
awesome_star 1144 1857.078032489796 22
Reethikaaa 1145 1500 0
rk9315185727 1146 1698.4864594232365 16
saurabh_maurya10 1147 1874.697986173015 21
aDDyy 1148 1569.8152035814444 68
anshzala12 1149 1515.175468043277 2
singhakhand 1150 1906.2298229951975 22
slothalan 1151 1967.2768043715737 25
Joke_is_God 1152 1500 0
kevint16 1153 1856.4891964997157 17
neilsagar55555 1154 2038.0238775173505 58
shasdow 1155 1686.0694801121613 10
yash_coder22 1156 1665.3109413411019 19
sks_ss 1157 1931.558 22
_himanshi2629 1158 1455.7721355448596 10
chenyurui2015 1159 1552.5113163301191 13
azzam_khan 1160 1626.487325035797 6
abverma385 1161 1500 0
animeshnath 1162 1892.03945845641 241
codewithbaby 1163 1820.9011100139699 8
randytanpty 1164 2255.844652223112 55
aksri305 1165 1686.5727524572221 4
dankokp 1166 2012.1360474369621 75
ampish 1167 1936.1507235220047 35
masteralphi 1168 2406.6170054354234 82
LoneCoder007 1169 1819.1779319323527 44
Rohit_Meena 1170 2088.653245843134 28
divii 1171 2093.402708483983 132
yashgaherwar2002 1172 1893.5908272601278 94
is_this_faraz 1173 2274.148209579433 89
Yogeeky 1174 2267.5820868318515 64
31b4 1175 1500.1889173271707 5
2riya 1176 1710.1341005007694 17
broot360 1177 1309.0563049936468 11
kreakEmp 1178 1760.4467168366102 91
jneilson1414 1179 1739.3114530555486 21
vtalantsev 1180 1749.4622943986503 21
sakthivel_mani 1181 2008.2863820733257 236
kurve18p 1182 1652.7998896515733 18
harshit_456 1183 1887.92666655456 13
nerp 1184 1605.6575775146484 1
Viggyz 1185 1535.6197357177734 1
tushar_goel_ 1186 1737.4744590245068 54
Yuvraj161 1187 1961.4502234044614 29
satyam_9911 1188 1903.6240185691315 32
dumbunny8128 1189 2546.9146420603206 109
KaivinC 1190 1795.4682403990882 31
shivamaggarwal513 1191 2093.1345601623325 39
averagestudent7 1192 1985.2938866854433 82
Kunal0513 1193 1673.599216873573 17
dreambig29 1194 1846.11383132263 18
Gajendra_11 1195 1899.2322897946533 23
akaash2409 1196 1571.989105194112 3
light_seeker 1197 1842.5317777041998 13
TerryHung 1198 1976.9543584349894 86
sparlaimor 1199 1605.7763071079241 3
shiva_rudra123 1200 1960.9779268393133 38
zz32569469 1201 1606.6294218364515 2
kollurusaharsh 1202 1500 0
shailendra1003 1203 1497.1342624874221 16
CuongAlbert1710 1204 1584.255915869374 29
tanujdotcpp 1205 1430.0842291880188 10
shreyas211 1206 1500 0
tomarint 1207 2389.9489196076315 186
Fury_1511 1208 1699.4915670534867 12
dlisay430 1209 1871.6809301327046 7
yaseen_gouse 1210 1593.147 5
itsmeyuvraj 1211 1447.4268912095492 8
b05505016 1212 2315.912746382003 67
user0601k 1213 1900.5990781209564 18
agarwalkunal2707 1214 1905.007697083957 45
adis176 1215 2009.4669219389543 60
Nami__09 1216 1798.715641445072 27
mirsd_19 1217 2204.305 23
atd777 1218 1790.8543351461426 30
brijeshsahu 1219 1575.563014294083 9
tanay3404 1220 1859.8154920611414 6
Shahbaz898414 1221 1708.2307388452664 9
bekzhan_omirzakov 1222 1903.5580355256684 134
satenderrkumar11 1223 2051.0734265825927 47
cavi4762 1224 1888.265336756699 23
ivar_the_boneless 1225 2005.2040395768386 11
surjendu_104 1226 1450.6702423095703 1
nsswain21 1227 1500 0
agakishy 1228 2444.709870586035 162
ElijahChia 1229 1740.1924230274808 15
shawrajdeep225 1230 1350.8780630011308 2
bazzinga69 1231 1734.203 5
yifeizh04 1232 1515.3436660766602 1
near6334 1233 2000.2441501985074 71
rajneeshupsc32 1234 1910.3838272679793 21
Qoyan 1235 1815.3372278428528 9
sinhadhruba2001 1236 1868.5197663006709 6
shuvamdutta657 1237 1500 0
kasinathansj 1238 2134.1854307362746 62
fizakhanf2004 1239 1487.7816250449732 2
Keshu1729 1240 1589.2732571578779 14
XENOX_GRIX 1241 1905.6647608520002 37
Terror_404 1242 1711.5893876654554 8
user0729q 1243 2048.850892414601 17
Shivamk17 1244 1765.699 15
shunhsu 1245 2043.2850681983955 33
ht468 1246 1782.1120622002175 111
akshaykoganur 1247 1877.3528029741003 35
i_am_coderrrrr 1248 1868.0829388677578 24
Sagar_Vala 1249 2378.5484330533573 101
AlthafHussain 1250 1931.2038749193541 66
ak3007 1251 1566.6614434773503 19
Gaurav_Bilotia 1252 1933.8928354846576 18
tchoudhari85 1253 1551.3512314676364 3
topmoklaer 1254 2170.162928002208 55
neeleshgoyal88 1255 1832.6219026889446 49
Beerappa_m 1256 1734.3120574951172 1
iamch15542 1257 1979.6290824808432 30
piyush_razz 1258 2203.5349317460327 25
Arnav-Sharmaa 1259 1581.307176307587 17
madhav1010 1260 1758.580834474404 7
ashutoshaa16 1261 1500 0
LeetCodeLightHouse 1262 1915.9010339325607 13
gtsmarmy 1263 2051.648230076236 6
srn22 1264 1819.4801865426175 21
Humble-Bee 1265 1847.0252431757096 42
AyushDixit21 1266 1886.0084062807462 14
S_Bishnoi29 1267 1798.534845602612 24
randomsusapps 1268 1814.6562480765838 13
Myth64 1269 1962.9702508077532 14
felyn 1270 1714.7474579745617 10
donilhalipad 1271 1893.9736164579929 18
Gau_Sh_ 1272 1799.6309763037284 15
parastiwari556 1273 2079.497897534163 35
NikhilKdn 1274 1809.4136536991236 28
Knob_123 1275 2048.387355265001 75
ayush_2800 1276 2285.15626083092 56
MidhileshMomidi 1277 1567.3877549595552 19
MingWang99107 1278 1728.2058083356699 16
Prabhaaa111 1279 1409.6962500192742 2
letmeac 1280 1660.0471252699328 9
u0_ulin 1281 1912.7342810881587 21
so_iamayush 1282 1457.2334289550781 1
JJZin 1283 2223.374598755568 92
arpit_bhatia 1284 1500 0
pritamnanda841 1285 1500 0
Soumen_24 1286 1388.1877881835185 7
tyagidev04 1287 1574.3421458857802 8
219x1a05j9 1288 1500 0
eqbalzeeshan072 1289 1600.7846182847024 13
dbikashkumar2003 1290 1500 0
ArianaK 1291 1500 0
Rahulverma099 1292 1543.5394872253016 91
ahethesham8 1293 1487.28421283021 18
sdjhanjd 1294 1526.6831572828607 9
prateekjn19 1295 2112.1793672766184 37
pintusingh15689 1296 1496.8477768815487 4
surbhigupta1662 1297 1321.164080295211 6
PHNX04 1298 1500 0
zenyong88 1299 2076.891812550954 38
madflash 1300 1942.6821061059127 59
andrew99154 1301 1567.9161674097966 2
Prog_Jacob 1302 1677.2543557468307 26
TheZwischenzug 1303 2016.941948912237 149
vlade087 1304 1772.7112027966587 19
BLGALEX 1305 1993.362 11
trishulcurtis 1306 1813.9222203209226 24
majju 1307 1764.9783884031328 5
JiahangLi 1308 1984.6549394767503 132
ja1n-aman 1309 2214.6101145561915 16
ChengyuanDAIBrian 1310 1842.7873686694559 7
Nilesh_1206 1311 2002.428698098628 130
_maityamit 1312 2027.4551464260753 75
shivambeenhere 1313 2099.324618621025 85
Saksham1005 1314 1734.1883490343218 30
agomi123 1315 1622.4869910606292 10
Nauman_Mirza777 1316 1800.8572418008007 24
abhishekk_1912 1317 2124.13896599475 47
Makwy1424 1318 2071.244944286577 41
nalinkumar 1319 1813.994074825057 26
f_in_the_chat 1320 1860.908693557329 12
mathcuber 1321 1808.8946315100554 60
Zoro_zuro 1322 1768.812440722004 5
prashant360 1323 2057.3846195595756 85
superwesly123 1324 2177.2356268825692 48
jaskiratsingh562 1325 1805.014167157837 33
tempsandip92781 1326 1674.5716622282482 9
SaHiL7264 1327 1613.1636253206225 21
tej_17 1328 2010.571772167209 30
gourabsingha1 1329 2047.5500902425292 65
RY2429 1330 1648.4092954109665 5
Barkaaat 1331 1795.2624486167663 25
ashutoshdhyani2424 1332 1689.308 1
scio 1333 2073.8339730758576 43
enigma79 1334 1871.4745395349364 48
dtkmn 1335 1623.568210249017 14
SaiNikhilPalukuri 1336 1757.7904590853245 111
roytanmay 1337 2050.512619127745 67
ps1p4204196hru 1338 2278.8195265806685 67
Fran_racic 1339 1865.742165548274 12
HithamOmar 1340 1552.944 5
kitess 1341 2115.98875056296 33
Murugan_K 1342 2288.712857221987 123
ayush0211u 1343 1966.0344719748832 44
900509 1344 1483.968 7
akanksha984 1345 1755.149672301321 55
shree45 1346 1581.807936248872 7
MessiIsGoat 1347 1678.8555687692456 12
segnides 1348 1811.525202507571 30
Anki2001as 1349 1880.0415017000785 39
abhi_9146 1350 1940.6368977938896 55
vaibhavsingh18 1351 1729.497347832468 15
adistrives 1352 2062.392452528186 24
wrewsama 1353 1921.271951997168 44
tandonjiii 1354 2163.165537757272 82
tshirt_coin 1355 1566.2126541137695 1
gourav0sharma1 1356 1762.7741962764048 49
its_me_again 1357 1764.9930691512177 71
ravikjha7 1358 2167.6554657744523 99
rahul19191 1359 1790.6382499530414 14
patelshubh694 1360 1944.041988561586 42
_sri_hari_ 1361 1772.083585892209 40
mitthunkrishna 1362 1854.7396849425838 34
Cobalt_3902 1363 1985.7663595926124 21
dtkalla 1364 2261.6393310149456 23
bewildered_ 1365 1850.4271609688917 15
DrheinzDoofenshmirtz 1366 1622.5032806396484 2
iota_2010 1367 2142.157455811941 73
066_OP 1368 1950.2678544189182 103
user3846UY 1369 1659.7218950170547 4
kg_codex 1370 1913.985323179916 57
gdstw 1371 1816.498063547418 13
oel21sakka 1372 1731.4051131396486 6
its_krish_here 1373 2047.8104646130373 76
anushka_11__ 1374 1536.7982398145664 11
aryan_gupta12 1375 1824.420587345747 22
Bitwise_Operator 1376 1869.1538580717436 40
sagar_shaw 1377 1815.8558819806153 19
AyushAJ16 1378 2000.5329365677496 28
dante0 1379 1801.817736588567 33
sj444 1380 1500 0
napan 1381 1734.412285735585 6
Sam1tejch 1382 2150.822528328896 70
gangjig 1383 1830.088290665782 28
Sahil3333 1384 1953.7048697090568 17
targetGuardian 1385 2247.8783504501203 72
harsh2001rawat 1386 1958.8589698910744 16
O00oO00Ooo00oOO0Oo00Oo 1387 1808.5746698004334 47
user7253U 1388 1622.311223615245 6
raunakshalya 1389 1928.3627594342934 15
its_navneet 1390 2184.8976472158947 117
SAGIN 1391 1779.8519428340348 48
Omik_07 1392 1819.6462779972073 32
Ashwin_Bharti 1393 1741.3217914479728 37
letrithong 1394 2167.6782025629127 94
jason0526liu 1395 1709.33214004863 11
amol_2004 1396 1789.911351997985 17
ddeboer 1397 1827.8857989689886 39
Swfantasty 1398 1515.366554260254 1
manavmajithia6 1399 2108.767349105082 51
karton9647 1400 1823.014202726368 4
shryshkmr 1401 1571.802174808879 12
Arpitxx2OP 1402 2044.6789871656893 68
ReCode_01 1403 1840.5311249682866 29
harshvardhanofficial2001 1404 1965.86449839523 27
muhammad_shoaib_gondal 1405 1916.8913403824777 36
Danielo83 1406 1649.4659488518128 4
codemehul1210 1407 1824.360208473125 4
SaiTeja44d 1408 1964.320852070836 64
nikamshreyas 1409 1709.7604714653496 31
_Coder_28 1410 1738.9483109579637 14
PazSpiegel 1411 1947.489163232137 89
SHIV_0000 1412 1836.2601008515635 79
VRSancheti 1413 2135.915909190648 9
bloxblox 1414 2137.730509570193 25
boy07132004 1415 1671.0657405849183 35
lakshyagupta432 1416 1854.1276199696642 19
parmarabhimanyu95 1417 2023.3030014912413 24
s8708883634 1418 1751.924641289645 17
Rahul566 1419 1968.988908436341 152
mohit_jin 1420 1691.807220680269 10
h_rajput 1421 1805.6635618106873 21
nvladgw 1422 2163.087924169176 50
rinku11 1423 2038.535100101387 78
ayushchandra73 1424 1771.5079559989356 15
shotethics 1425 2284.167887188216 53
5528_sumit 1426 1788.1689480445 25
great_responsibilty 1427 1868.4577521936167 41
Diwaakar84 1428 1682.312110768644 13
jayush7626 1429 1933.6985441088293 58
mahtosanju686 1430 1656.0090102572753 5
st890751999 1431 1747.3874649723668 22
armoured_titan 1432 1976.006319605718 23
NUMBART 1433 1999.4655419919334 49
pgshankar21 1434 1603.3911130916258 29
jerush_imanto 1435 1670.4837051047539 12
_nemesis_ 1436 1791.6839823701973 23
ojhaharsh 1437 1650.8524843786686 13
SUVU01 1438 1948.9868122634161 35
karan_8082 1439 1828.7549370668198 8
freakin23 1440 1985.9546922088884 46
cm_komi 1441 2326.8271242199066 44
abhipriya19134 1442 1898.6147282985207 59
karunakar_516 1443 1765.4963713337804 42
monika001 1444 1483.9764829197936 25
RedHeadphone 1445 2357.935348383186 71
superstorm 1446 1848.9520716397894 33
golulc 1447 1870.1948623668266 25
kritiverma 1448 1604.158121435342 20
hank06023 1449 1572.8510016837563 13
robertlewan1998 1450 1778.029384906587 39
swarnim2410 1451 1798.9222159627675 17
Ravi_S_Kumar 1452 1759.574641141034 9
Ajna2 1453 1840.3633325566566 60
TheCodeVenturer 1454 1788.6989976729158 69
TragicBytes 1455 1877.1622814715524 6
Priyanshu_9656 1456 1870.2186182337223 40
sid503 1457 1890.0883595504442 14
PravinGlitch02 1458 1870.1419572382742 44
Sai_uday 1459 1867.862089758858 11
tourist_fan_fan_fan 1460 1922.9246187911685 143
user9557Mg 1461 1824.3579760109624 13
DeanW 1462 1973.5131741901603 336
Aayush65 1463 2106.9615474998127 72
sohelshk7 1464 1962.2742413288602 68
diglettenjoyer 1465 1825.9289618995158 85
adarshs_27 1466 1673.7606854773533 8
srishtigoyal18 1467 1843.624131968258 18
MahendraMajhi5367 1468 1711.2425313795861 45
70871jeetakminder 1469 2102.142139329092 17
kushal-mishra 1470 1492.8797516347793 13
THE__GODFATHER 1471 1715.1918983658231 6
WeiTheShinobi 1472 1693.5266720141053 27
adgsful 1473 2031.4480879841171 21
ABSORBER 1474 1990.3233024469343 29
TheWpingMonk 1475 2032.8661738235242 44
Prof_Bat 1476 1872.9911783520715 33
Deep74 1477 1638.7946217497565 5
Nagendravarma2002 1478 1798.3732804078484 76
btu2023fallShalvaLomtadze 1479 1561.1267521888078 3
hasimzc 1480 1765.1976937949469 12
yuex1ao 1481 1818.704679426102 14
V1N1 1482 1892.1233578763008 22
sudo_76 1483 1944.0918043412923 15
OuOPianDog 1484 1704.0584749555042 12
Shivam_Tyagii 1485 1565.876559608349 4
Quar 1486 2275.727306487274 117
vishnoichirag1 1487 1698.7018557226386 9
Ayank_Kumar 1488 1832.905960783669 25
____orz 1489 1692.5217226032091 8
hare_krishna_hare_krishna 1490 1987.160826520855 28
ultimate_2511_ 1491 1772.6585081892702 26
split_space 1492 1820.6552853796607 9
sainiankur0508 1493 1870.3313527271725 23
not_follow_me 1494 1957.558761763217 99
_bhavik3103 1495 1451.7057883835369 9
rajasomeshwar_ 1496 1597.6131918821584 30
naam_dekh_kr_kya_karega 1497 1691.801977676625 39
user1561MR 1498 1692.886031753598 21
Unstoppable_1 1499 2114.740028472235 63
pawanverma25 1500 1970.0272238080006 72
lupthopama 1501 1509.138 5
vinitpatil280 1502 1643.2264774635091 15
teoata17 1503 1472.8586390907078 7
lakshaycode22 1504 1954.5373027623746 28
ayush392 1505 1898.3414499016899 60
ashishsutar1210 1506 1812.1981295150063 63
praghavendar 1507 1418.2124805783315 13
akshatjindal02 1508 2314.7983115318843 37
minh2004pd 1509 1613.136867130243 20
rahuljauhari3 1510 1528.1944692829697 3
colette_23 1511 1709.2554100964521 6
sagar_pant_2k2 1512 1741.7889414581705 33
shubhamvgade13 1513 1808.1852746889003 46
magzybogues 1514 2233.9634264770093 75
shakthisri 1515 1818.861631104683 18
binarysolver 1516 1643.7222849580564 37
Animesh264 1517 1788.2686284655863 42
killer_phoenix 1518 2197.985150464001 28
hritikgupta 1519 1749.5142305660825 72
code_sarang 1520 1844.3326582977722 70
dsaewq 1521 1951.3270454101562 121
harvey_specter_120k 1522 1480.6137084960938 1
Praveen_Chauhan 1523 1844.4229119391912 23
adityagarg8384 1524 1637.6222009005328 14
zhasulan-rd 1525 1675.5539177881608 19
oxfordlin 1526 1500 0
shivanshx365 1527 1860.956462168238 71
deep3072 1528 1893.2745155762536 110
abhishekpandey6899 1529 2140.4923600661205 82
me_4751 1530 1630.3864691697795 18
potatoY 1531 2164.2842044562217 45
Md_Ismail_Hosen 1532 1845.72018931636 28
shruti_8403 1533 1739.0456917457284 13
Krash13Nagar 1534 1888.5478811691767 96
haoyudoingthings 1535 1807.3653202704952 3
js44lee 1536 1937.0870341021493 14
souravtiwari 1537 1825.9199744168052 36
hsingal200 1538 1768.524674815249 11
zerox130617 1539 2006.591565707159 100
feindreh 1540 1922.6390292266306 14
layyy 1541 1721.4428353173698 10
mkerimbay 1542 1499.0052425106503 51
deadpool1205 1543 1625.9453388849174 30
sourav_kd 1544 2178.749177174019 137
ToXic_saumyy 1545 2175.4193753828936 42
riddhamr 1546 2068.0381695834567 20
sarvesh__21 1547 1635.491597139318 16
tendencymilk 1548 1875.0486993135141 47
tobzhan 1549 1500 0
HarishRa9a 1550 2080.9444518328664 55
Chenyu_Math 1551 1500 0
vishnubathla 1552 1985.722184736914 120
Aryan_Jindal 1553 1786.157568684368 7
mahakgarg 1554 1872.1054169334593 30
Kanye5687 1555 1500 0
anshuahi 1556 1788.5738740199492 74
ayushkedia05 1557 1837.3809557064983 28
dohoanggiahuy317 1558 1622.895987574527 2
pratham7711 1559 1845.9181751501983 55
dhruvlc 1560 1797.2560332457967 20
himanshusyuni123 1561 1791.5576511580477 18
legenD13 1562 1772.8433410638913 7
mgups2002 1563 1850.0702296551044 32
Shubha_Error 1564 1632.1370899195879 6
albertferras 1565 1884.3476280247826 5
Gurnoor_Chhabra 1566 1885.4234107334473 24
Nmtriet2007 1567 1764.3239561404168 37
shone0106 1568 1697.4165435378745 20
joshaljoshi2002 1569 1807.6526344468682 7
djsuperhero123 1570 1526.5587698804964 12
o_hong 1571 1676.9796333212473 99
ankit_0301 1572 1500 0
user2324E 1573 1775.8559455991335 3
bhashit_joshi 1574 1706.2279085825478 5
danish_1103 1575 1877.377617668857 5
deydhananjoy 1576 1948.2606794096912 115
MenheraCapoo 1577 1875.5430937037754 273
Masud_Parvez 1578 1956.1775807210074 35
ssp_2000 1579 1973.9988777321469 48
AndyLead 1580 1893.2294286064398 6
Code_unlimited 1581 1680.6700119275238 27
TanmayTalele 1582 1965.179842669963 17
qshadun 1583 1906.4421088471956 6
Abhijeet_Bhushari 1584 1619.704082542323 9
himanshumishra3198 1585 1726.6783281430792 26
sakib9049 1586 1815.2021044666396 41
vedantsapra 1587 1813.9319074648017 18
FlameKaiser 1588 1989.971257786684 18
NamanBangari 1589 1712.4255843064734 18
A_S_ 1590 1965.5870637225257 52
niteshim111 1591 1793.127314652658 58
chill_bro 1592 1500 0
sslel 1593 1995.480407078633 101
sakibmondal7 1594 1900.518850883399 73
SatyamBindroo 1595 1665.2294782926206 79
YASHRAJPUT19 1596 1826.4443480786672 64
u-day 1597 2117.364978337935 56
sharmapratham290 1598 1450.5288420330683 4
codemonkey66 1599 1817.1531085492754 21
piocarz 1600 1912.3723288164367 30
_Desperado 1601 1904.533005871982 11
philipHsu 1602 1678.7957876042317 18
xtraglitch50 1603 1650.1759501217887 31
goolu0623 1604 1893.2864885432473 14
bestie 1605 1779.2400842760494 20
shivasaineelam 1606 1568.2965198353663 5
shashi33984 1607 1870.007483345634 57
rexFX 1608 1687.055537717654 24
anantmundankar 1609 1693.755190287527 42
format-x 1610 1687.573373783536 47
gadmo 1611 1728.6517437643652 7
SaMore65 1612 1682.1647464744228 147
shukhratutaboev 1613 1999.9455617799167 35
Francis010 1614 1738.388753316471 24
apoorv_121 1615 1829.1246792615905 74
Shrenisahu 1616 1658.7858744896178 67
hieunm3538 1617 1635.6940219931191 18
surya_105 1618 1813.3045344021018 42
pranjal21gupta 1619 1705.6625730462815 28
shiv40 1620 1882.0796089506844 18
IdJu 1621 1667.6177537417661 14
__Nanda 1622 1626.304438496803 11
shivam316515 1623 1778.1684206590423 10
Whoami_420 1624 1899.4665248547335 19
bernoulli_ 1625 1584.3900072915953 8
iliamark17 1626 1600.9511947631836 1
RunSoon 1627 1569.043888782963 8
mandeep_mahra_ 1628 1509.6750620367113 4
rishupgupta132 1629 1500 0
harsh428 1630 1776.3895306350807 119
Shashank_Dhariya 1631 1715.9372930170418 22
PS07 1632 1788.7412907433636 47
thrillobit 1633 1568.1807935387262 5
Endeavorr 1634 1500 0
satejansh 1635 1612.7541257131102 15
AbhayAnilark 1636 1760.1938224640407 11
GoGuru 1637 2014.1547148733478 60
BenkoGambit 1638 1509.0436935424805 1
shivajich 1639 1766.2920255336396 6
devrishidutta09 1640 1980.5801919177443 39
jvs1992 1641 1548.0261340012862 7
whimsifinite 1642 1500 0
yuchanhsiao 1643 1619.7529487586828 15
Sharanshnayak_09 1644 1819.960138750563 48
bti 1645 1688.5233570373707 98
ricky87987 1646 1600.1494202432752 3
kartikaymehrotra 1647 1510.9352569515063 4
imkhushboo 1648 1563.3519218030167 14
user5959Hz 1649 1598.5643818033745 8
jatinmalav123 1650 1707.202220672011 24
krishna_sandeep 1651 1737.0114407601686 48
Alemak 1652 1500 0
veependra07 1653 1663.712106969725 5
kunalmittal810 1654 1592.5377610141004 5
sachinsingh3232 1655 1746.0746791717186 5
thomaszwinger 1656 1716.6419743282263 9
shrined 1657 1836.7129722846832 54
bhavik_11 1658 1767.5403928710368 15
navnath_0701 1659 1887.5554639044226 30
coder_ravan 1660 1516.597 4
singhvaibhavkaran 1661 1676.3404685070295 5
resotto 1662 1950.140373043529 76
subham_raj1 1663 1670.192638732391 38
aditya_531 1664 1584.9954116900228 26
abhik2003 1665 1846.5179911799994 7
sv_pbt 1666 1668.2191818781214 24
utkarshb1209 1667 1712.6502159160682 4
prasad9959 1668 1710.4121445143867 46
khanayaan7 1669 1785.2511203882743 19
Unpoco_loco 1670 1630.9525020968038 21
gouse 1671 1781.539668791142 23
Traveller_ 1672 1663.3322006539652 4
jinal2211 1673 1811.3297234115018 144
elotelo 1674 1565.0367736816406 1
kumarakash2420 1675 1540.316822526528 25
rahul_183 1676 1714.8223921588456 57
jasmine_zeng 1677 2226.6682648490146 185
praveen4star 1678 1912.0731027367215 50
Moynul_Islam 1679 1601.7705013877467 2
singlapriyanka013 1680 2044.9171038982226 65
Kaif_Alam 1681 1763.9904033087703 17
Mikoroso 1682 1835.168478518469 14
pramodk1994 1683 1765.653 20
snkdurgasowjanya 1684 1688.8942285998587 28
Spark1729 1685 1990.7338337405527 56
MP35 1686 1730.463081785771 55
piyush_40 1687 1573.8773345947266 1
brijpatidar2003 1688 1535.5869516048544 3
mikelalala 1689 1794.0080948954824 17
shubham-pagui 1690 1804.828734836547 37
I_am_Driver 1691 1752.7639974593721 5
daemon_exe 1692 1861.3219949745715 39
Pajju_0330 1693 1960.6288870438073 47
dk3103 1694 1934.4034401580068 38
peb 1695 1894.8706331194144 27
kushal_singh22 1696 1688.7499889340424 12
hellimmortal 1697 1838.6298651941274 10
adidhande 1698 1630.2808619276195 3
Deepalisohane 1699 1781.592686394705 39
saksham-308 1700 1497.7997399265969 3
tiwarivishnu426 1701 1441.9154266574462 12
Pavel_For_Sure 1702 1642.0664397901203 19
Nik28 1703 1595.4036322582222 16
Ashutosh9993 1704 1478.8104932411595 2
prabalpsingh7115 1705 1829.655117043438 38
hey_lucifer 1706 1807.7650561410828 14
vishal_2806 1707 1852.0366103730366 48
radhika_970 1708 1847.3039582063034 16
venkateshwarreddyr 1709 1741.7527127206793 86
shashank-lol 1710 1699.8372189484792 19
LaveshGarg 1711 1700.897 11
dakshkochhar2002 1712 1844.2520002873564 35
_Aditya_Hegde_ 1713 1853.4254963135202 19
udaypavan2004 1714 1891.5523679049481 34
jackfriess 1715 1540.6955180715063 5
suman_061 1716 1741.757219152562 62
Anuj_Ag 1717 1962.5911780638462 18
sahil20000706 1718 1908.696137573923 40
jordan322 1719 1691.3974963182861 7
a1b2c3delet1 1720 1370.29 4
vivekashokan1995 1721 1741.178845209068 37
JJstar_dio 1722 1673.526088913148 9
Md_Aziz_Ali 1723 1482.4647903442383 1
ssyy1106 1724 2092.6307297521034 129
user6620cI 1725 1655.6676197360493 4
Khushbu0501 1726 1628.9854988526267 32
yshetty4645 1727 1500 0
hello_motto 1728 2255.8513036819163 44
rohitanjane999 1729 1702.012459772705 70
conner1231230 1730 1870.4132281129428 20
devnaveenkumar 1731 1476.582449172216 18
akram_shafeek 1732 1608.8053892335745 6
narang_madhur 1733 2023.8838387697003 44
Parth_Goel_ 1734 1587.4987850055436 9
NishitaLath 1735 1738.731286978708 22
faangPro 1736 1552.3732913005788 20
sakthii25 1737 2012.9640343121175 89
Kural_63 1738 1732.4332156202677 38
sevdariklejdi 1739 1626.6329279424476 3
heckervarun 1740 1522.5843832257706 15
thesuaveguy 1741 1500 0
wizard_24 1742 1796.2904318832948 5
flagrogrey 1743 1556.6253662109375 1
Shreyans95 1744 1742.735 10
harshit_08 1745 2069.86358820885 36
santanu29 1746 1690.0763541352103 95
Goblin_Cyanide 1747 2028.8688494169382 26
Ritesh_kr001 1748 1565.7175521824277 44
chentodd2012 1749 1602.2660302743093 17
_MEWSER_ 1750 1738.4045693130709 12
ris_ha_bh_123 1751 1359.734649508179 10
Ryuga8150 1752 1701.082250389503 98
ujjwalagrawal29102001 1753 1610.6285833966404 8
motchutngotngao 1754 1929.075851299811 18
Kill_WA 1755 1891.78894875075 25
shashwatiwari 1756 1692.1026850892508 14
aashi__70 1757 1718.3849755667586 36
chakradhar-chakri 1758 1800.610523489042 36
manavdoda7 1759 1938.103 22
Joshiiii 1760 1777.2144708373662 39
Bhavesh_T 1761 1968.28338873866 52
rahul_03 1762 1787.5796596860507 19
aspirers02 1763 1656.7238199127612 11
LexCC 1764 1500 0
sacalgo 1765 1671.3808642445056 9
sad1503 1766 1527.2148545030088 4
priyanshi3008 1767 1571.2550673708663 10
bigbluefish 1768 1813.9134849230811 41
kumar_abhishek_09 1769 1639.0503021386041 37
AntonPolyansky 1770 1711.1726725943668 38
spnandu6 1771 1690.482061046427 18
tyagi_2512 1772 1701.3695048547488 17
U7KARSH 1773 2045.3402447646868 22
an1ket_62 1774 2171.0932382415385 41
raveeshgoyal 1775 1848.027162625794 9
omar_walied_ismail 1776 1803.5481369397162 14
kal425 1777 1844.15771271192 14
gautam1124bihar 1778 1691.2874371835262 5
noobcoder31 1779 1945.476561205584 44
edocand 1780 1518.2161383249381 4
Rathi-Subham29 1781 1819.7770646315114 38
cfoulk 1782 1498.7002952601174 5
abhradip_360 1783 1607.686206077323 14
itcoder_1234 1784 1807.9911290117225 51
Sky09 1785 1714.9058466055046 83
vkvasov 1786 1525.8663134365713 6
user9143F 1787 1641.866683959961 2
kin123 1788 1667.305 19
itsTowhid 1789 1396.6959359750902 4
kush_s 1790 1808.853119289046 7
TA36NU 1791 1765.2911609402447 13
kuzyakin 1792 1893.94141077319 35
franklingriffin 1793 1567.3874112421552 3
Hritik__k 1794 1909.5590818962175 47
raaynaldo 1795 1457.5385254728033 4
Mr_Noob_coder 1796 1906.146958956778 37
satyam58 1797 1794.149712452783 35
raushan-thakur 1798 1766.0228388112735 20
bansalvishnu003 1799 1697.3384251044959 3
heyitsvenkatesh 1800 1696.2262375884939 22
prabhavagrawal7 1801 1927.460368225697 12
xxxandreaa 1802 1748.5999261694253 13
thakur_18 1803 1716.7389371983472 31
vinn_47 1804 1576.6460909347088 5
Prasad264 1805 1624.644332251919 57
eScaryNinja17 1806 1930.2919160656902 30
tanuj_taneja 1807 1817.9254922992477 27
kylez77 1808 1944.473062903628 49
arunkumarpotnuru 1809 1521.2066290836212 8
Ashnu_B 1810 1978.4835645264966 61
the_GameChanger 1811 1534.1172361488823 16
elite_1 1812 1655.176 6
BPS3904 1813 1596.2253339335625 13
WarisChugh 1814 1471.6644134874175 5
harshpingolia 1815 1608.179064366917 65
pratik_sinha 1816 1666.377518850075 52
hlp2599 1817 1797.513749128821 43
balaji305 1818 1777.71677300982 24
Shihab_Hossain_038 1819 1864.7875214311907 48
Satyam1942 1820 1738.443909380169 22
quantumm_ 1821 1500 0
abhayadav 1822 1867.678 19
Shubham_rawat289 1823 1690.1968607019792 57
Vidyapoorna 1824 1528.945410997512 27
_no_idea_ 1825 1500 0
11srj11 1826 1963.250001068778 29
Quintonian 1827 1812.197020304678 9
venom246800 1828 1790.8921527168254 14
YanlinGong 1829 1865.518595281578 33
Jtin_17 1830 1771.7644463242834 37
kashyapanshul1409 1831 1839.320924264055 11
ksaimanoj 1832 1682.389530336606 21
xiaoping3418 1833 2100.472213112035 202
Yun-Hsuan 1834 1836.6614818762725 20
priyanshucoding 1835 1621.1032057842685 4
9autham 1836 1736.7972838088183 65
flyinglemonjx 1837 1948.6732514636687 27
rahul_siddhu 1838 1598.6308892372708 18
Schinchan 1839 1537.493 2
harshsindhu0402 1840 1803.1402005973623 16
Vivek_765 1841 1687.2863385319097 7
chien-te 1842 1686.8934628819607 6
Arten_fast 1843 1513.414884868421 2
amangupta4529 1844 1740.6244266907097 30
cruim 1845 1863.3137834409736 67
satyambansal183 1846 1971.9049113099973 247
https_whoyan 1847 1677.432218446166 3
t_prisha06 1848 1829.7227519160572 64
Piyush-Gambhir 1849 1612.514901105669 13
deathblade1104 1850 1742.7760729571821 85
sumit2018das2004 1851 1882.742658423455 40
sakshikishore 1852 1773.7087642472638 85
shiridisaiprasad 1853 2066.086 109
Jeevan-23 1854 1301.4417116198697 13
truefuego 1855 1915.855985444446 109
SxGhost 1856 1641.6655170767299 25
sharanshubham596 1857 1500 0
SakiBee 1858 1413.8016614872217 5
NISHANT_2001 1859 1923.1550021971123 82
arpitbansal422 1860 1707.110603384136 36
hiwafhiwaf 1861 1606.8709524054277 2
prakhar802 1862 1745.5149954447704 22
217r1a05r8 1863 1571.7967254539556 28
Siddhesh_Dhinge 1864 1779.1847592235204 11
himanshu0909 1865 1581.1648153504761 11
deeksha_00 1866 1579.5872846002787 10
N00l3 1867 1762.768152366914 21
Najmiddin1 1868 1674.6470215723775 49
Tygrik 1869 1510.7776240298622 2
HelmiDev 1870 1500 0
raghibh2004 1871 1929.2423846801578 13
subhash_pabbineedi 1872 1605.730906519134 17
adarshleet2003 1873 2217.2385883135826 78
DisputedCurve 1874 1454.726248368445 52
dhruv_22_gupta 1875 1737.3126553261795 39
saxenarishabh30 1876 1841.6794594754626 38
Atrilos 1877 1533.2038582046375 3
TooMuchFreeTime 1878 2099.991848751238 21
AlphaS 1879 2692.793067210463 67
Mister_CK 1880 1798.5045496801815 15
trinadhannam 1881 1499.0586399616363 4
raunakgiri21 1882 1697.4810763587427 6
user8859tL 1883 1430.051826523575 10
Snik 1884 1853.2164721607646 13
Aakash_Negi 1885 1799.8997231376215 27
Lalit_Kishor 1886 1873.476493237202 64
khailq3 1887 1778.2197931936737 44
iw33209jfdcifidfj93 1888 1775.3122601929433 35
shapes 1889 1795.47184600423 32
abhishek2883 1890 1729.0068975258446 20
Taparia_07 1891 1742.9530138203493 16
code_eureka 1892 1686.5208872488029 38
tushar_kabra 1893 1626.5624248324386 15
Neeraj_Koshyari_07 1894 1685.8221157454577 23
pankaj077 1895 1753.4377994900033 36
shashank0311 1896 1600.2565246885472 4
Phoenix-101 1897 2013.8051560188758 17
tliu21 1898 1621.622705583343 26
agrawalashutosh635 1899 1903.2861635120848 35
davion-vn 1900 1724.3986307628472 17
suheelove 1901 1810.594345940935 11
__Abcd__ 1902 1980.0645061666223 108
greninja89 1903 1956.3305364378339 26
gupta_10 1904 1685.846132730641 87
Raunak554 1905 1593.7318498614472 9
Nishtan 1906 1868.6482596846613 61
CoChording 1907 1593.0447572868225 10
rushi_mungse 1908 1954.5967538795446 56
Blackmoonthunder 1909 1923.52367099177 45
brut_lee6 1910 1760.850788306395 35
decoder_1671 1911 1856.947356768489 109
venugo_ 1912 1886.8569572269064 73
TimothyGeiger 1913 1556.7340850830078 1
Ranjit543 1914 1759.0019212367706 35
amitdnagar4 1915 1993.0553981319636 73
b04502005 1916 1664.5593511735808 18
UnKnown2304 1917 1630.667606802213 9
abhi908 1918 1605.1665354314073 10
clnophile9310 1919 1606.7862310687724 10
Saket_ahlawat 1920 1460.3 1
abhinav1263405 1921 2023.6052440024744 37
amrita_786 1922 1544.620034235836 27
paptan_8272 1923 1680.5821706932097 13
beta-blue 1924 1879.3255743052598 48
limingwa 1925 1609.6374780974272 5
pankaj_512 1926 1773.621470373558 40
aryan_satija_1111 1927 1870.6500689551624 29
Vishal_0707 1928 1704.9457942238998 15
shash11 1929 1822.955229216148 19
yash_sharma_07 1930 1626.8475870603747 31
soyashish2001_ 1931 1930.8929686949818 65
adphad14 1932 1532.959417099647 10
Taha2003 1933 1842.1786933309675 15
akshay_rajput 1934 1631.1702563361416 5
MITHILESHKUMAR7 1935 1805.4785362851223 36
sribhargav1345 1936 1801.7767421822978 33
bring_methanos 1937 1500 0
ronitsavadimathrs 1938 1502.1602229068153 2
arnav09022003 1939 1701.687975502676 11
prem_duvvapu 1940 1727.2268799068836 24
death__stroke 1941 1717.6202137185473 36
thekalash52 1942 1524.7724121368224 3
mukeshhit 1943 1495.7877931068008 3
khaal_drogo 1944 1812.9175436721137 16
shubhamkumargupta2_gmail_com 1945 1616.7116018820225 26
Usid 1946 1724.3799703447717 16
kardeshivam02 1947 1881.713657505341 18
lqh1411 1948 2024.975750591395 83
but 1949 1791.2681635478862 75
nitin629 1950 1893.2672257449965 16
sanket_makh 1951 1559.963626024264 23
chinnamsaireddy1369 1952 1842.221384791242 44
soumyaag_ 1953 1704.279287484133 10
Obito12021 1954 1475.0238719739411 2
mahicool7 1955 1542.9439544677734 1
Dreamer_017 1956 1887.9811792579192 26
no_lie 1957 1568.887710571289 1
hemantlodha 1958 1997.9159720300356 31
c6486641 1959 1500 0
rr2245 1960 1604.3823681260003 66
sandeeppatel180149 1961 1559.9901556629427 52
neeljain 1962 1481.163457164066 9
deviltrek 1963 1829.7252516579792 28
cs_iitian 1964 1803.438586985177 19
freespi 1965 1792.3556733071214 16
capvairab 1966 1636.478044778811 7
bogisushrith 1967 1619.147624243076 18
kanishkgupta08 1968 1538.6466311677223 6
bhandariprateek64 1969 1592.2623652763798 3
anikethend1234 1970 1909.2060820295537 35
himani_upadhyay 1971 1617.26795446631 17
hem99 1972 1660.5221865909784 15
0xsupra 1973 1785.7335061626038 26
pashkovich 1974 1727.770981264814 16
Fremder 1975 1604.9222946166992 1
satkkeerthi 1976 2011.9119628746635 58
rahulashishranjan2912 1977 1500 0
user3r 1978 1626.7524942281864 4
harshivg 1979 1667.6874484118791 18
vishnu01 1980 1562.3786621529377 14
sudhanshu_090 1981 2139.6097479826135 28
mayankprtp 1982 1687.9761829279335 8
abhishek2211 1983 1650.6789686670995 42
EimuBarua 1984 1593.8653359182258 2
JeffreyTht 1985 2011.4216169053946 35
explorer404 1986 1857.7952341730809 18
vivek0310 1987 1500 0
harsh_agarwal30 1988 1458.1482363357634 5
sachin_codes 1989 1596.1664738717743 24
siraj_786 1990 1762.624390190009 19
tbicr 1991 1898.6033113424076 34
Yashsingh_1812 1992 1571.1005597322592 6
shubham_0221 1993 1567.5009396591754 16
lfnetclk4 1994 1662.0641232145722 33
eulersgamma 1995 1632.0774529929156 6
ssp_sit 1996 1640.4469845879469 32
mahirhussain543 1997 1423.0349572230352 6
adesh__ 1998 1533.3967208862305 1
Sachin5115 1999 1810.8046690909166 17
yuktaX 2000 1434.0803871963217 18
Sabari_Raj_004 2001 1590.0818866097745 17
beLIeVE_U 2002 1822.7791366528568 41
Kumarshivu 2003 1768.901592013389 18
RishuBajpai007 2004 1747.7028255323655 10
shreybindal 2005 1833.391308297381 21
macuadros 2006 1768.6243611535842 6
gaurav072 2007 1659.0901446114397 26
ASPII 2008 1886.3923738522565 42
Megatron_07 2009 1895.2485709265516 31
ptkr4548 2010 1779.9170646604032 9
Aryansh79 2011 1691.289413130947 16
prashantst27203 2012 1729.54157278763 30
anurag0singh 2013 1597.0084648958255 10
Maciek11111 2014 1498.71826171875 1
kamalc503 2015 1832.3609856721087 24
heliosnoob 2016 1500 0
igovindindia 2017 1716.3759477910814 16
72engineers 2018 1783.092194886574 77
AKXON 2019 1721.6109545848321 48
carlg0123 2020 1799.4600387888681 16
arkapravo_01 2021 1789.6842071803237 11
Pankajkumar21 2022 1749.031123653301 36
vgnshiyer 2023 1589.6316918726757 36
lomdu 2024 1939.221208782898 41
gauravtha14 2025 1712.231880968701 25
Ankit000 2026 1683.5933773167524 17
MG261 2027 1827.0408568105902 14
ZmajVelaj 2028 1509.8238108078735 22
emlaerton 2029 1788.7780344364082 61
rinkam2403 2030 1500 0
rocky790 2031 1500 0
bubble__ 2032 1829.367601292873 16
Vinayreddy3012 2033 1757.343401209624 39
just88727 2034 1549.8592604167616 3
lonely_nights 2035 1742.4966854734346 4
mohit2003second 2036 1774.3627324240344 13
Anil127 2037 1547.626469240588 7
Ashvani_Gurjar 2038 1543.7097085432154 41
monchi02 2039 1771.3027606147937 17
ahaasmi_yoddha 2040 1506.946272381218 10
SwetaSahu01 2041 1639.793710058608 27
StndRogue 2042 2116.916186615187 54
user5062EQ 2043 1531.3053131103516 1
bhuwan_vamsi 2044 1534.3283684150765 13
Jay_1410 2045 1750.9854041511853 30
2155-Harshitha 2046 1253.4295706485632 25
marcob_1973 2047 1956.0443769447227 107
shorya0674 2048 1513.493714474835 12
chirag_177 2049 2058.647568450911 37